>TAAAGTA	1-TAAAGTA	5.764698	-60.298464	0	T:272.0(54.40%),B:156.0(31.20%),P:1e-26	Tpos:151.6,Tstd:75.6,Bpos:156.0,Bstd:75.6,StrandBias:10.0,Multiplicity:1.40
0.056	0.085	0.001	0.858
0.964	0.034	0.001	0.001
0.997	0.001	0.001	0.001
0.835	0.001	0.163	0.001
0.094	0.039	0.702	0.165
0.001	0.001	0.083	0.915
0.841	0.046	0.044	0.069
>TTTTTGT	2-TTTTTGT	6.388914	-46.081122	0	T:263.0(52.60%),B:162.0(32.40%),P:1e-20	Tpos:122.1,Tstd:69.5,Bpos:137.7,Bstd:68.7,StrandBias:10.0,Multiplicity:1.38
0.153	0.060	0.001	0.786
0.001	0.001	0.001	0.997
0.001	0.037	0.042	0.920
0.124	0.001	0.112	0.763
0.054	0.001	0.050	0.895
0.001	0.001	0.785	0.213
0.055	0.094	0.001	0.850
>GTGTAGC	3-GTGTAGC	5.739739	-41.707025	0	T:69.0(13.80%),B:20.0(4.00%),P:1e-18	Tpos:105.3,Tstd:71.6,Bpos:101.0,Bstd:68.9,StrandBias:10.0,Multiplicity:1.07
0.001	0.147	0.786	0.066
0.001	0.027	0.191	0.781
0.097	0.045	0.851	0.007
0.213	0.027	0.007	0.753
0.846	0.007	0.140	0.007
0.183	0.137	0.679	0.001
0.011	0.865	0.040	0.084
>GTTGTAA	4-GTTGTAA	6.023058	-38.765049	0	T:182.0(36.40%),B:100.0(20.00%),P:1e-16	Tpos:141.8,Tstd:70.3,Bpos:136.8,Bstd:69.3,StrandBias:10.0,Multiplicity:1.21
0.093	0.001	0.695	0.211
0.001	0.060	0.001	0.938
0.001	0.021	0.060	0.918
0.001	0.001	0.847	0.151
0.001	0.001	0.001	0.997
0.831	0.092	0.076	0.001
0.767	0.060	0.001	0.172
>CTACCGA	5-CTACCGA	6.550770	-33.078659	0	T:21.0(4.20%),B:2.0(0.40%),P:1e-14	Tpos:138.1,Tstd:58.5,Bpos:154.5,Bstd:55.5,StrandBias:10.0,Multiplicity:1.05
0.001	0.997	0.001	0.001
0.001	0.101	0.101	0.797
0.805	0.001	0.001	0.193
0.001	0.997	0.001	0.001
0.001	0.612	0.386	0.001
0.001	0.001	0.807	0.191
0.783	0.001	0.001	0.215
>TGGTACG	6-TGGTACG	6.913258	-30.685751	0	T:20.0(4.00%),B:2.0(0.40%),P:1e-13	Tpos:124.8,Tstd:67.6,Bpos:53.5,Bstd:24.5,StrandBias:10.0,Multiplicity:1.00
0.001	0.001	0.001	0.997
0.161	0.001	0.837	0.001
0.161	0.001	0.837	0.001
0.161	0.001	0.001	0.837
0.837	0.001	0.161	0.001
0.001	0.997	0.001	0.001
0.344	0.001	0.654	0.001
>ATACACT	7-ATACACT	6.441839	-30.685751	0	T:20.0(4.00%),B:2.0(0.40%),P:1e-13	Tpos:124.0,Tstd:60.3,Bpos:178.5,Bstd:36.5,StrandBias:10.0,Multiplicity:1.00
0.997	0.001	0.001	0.001
0.001	0.001	0.001	0.997
0.997	0.001	0.001	0.001
0.001	0.997	0.001	0.001
0.959	0.001	0.039	0.001
0.001	0.997	0.001	0.001
0.001	0.001	0.001	0.997
>TGCATTA	8-TGCATTA	7.281175	-30.128471	0	T:47.0(9.40%),B:13.0(2.60%),P:1e-13	Tpos:127.1,Tstd:64.4,Bpos:155.2,Bstd:65.7,StrandBias:10.0,Multiplicity:1.09
0.205	0.001	0.001	0.793
0.001	0.001	0.997	0.001
0.001	0.997	0.001	0.001
0.861	0.001	0.137	0.001
0.001	0.001	0.172	0.826
0.001	0.001	0.001	0.997
0.997	0.001	0.001	0.001
>ATTTTAG	9-ATTTTAG	5.348888	-28.956840	0	T:266.0(53.20%),B:186.0(37.20%),P:1e-12	Tpos:126.0,Tstd:69.8,Bpos:138.7,Bstd:68.4,StrandBias:10.0,Multiplicity:1.42
0.913	0.001	0.037	0.049
0.001	0.111	0.001	0.887
0.106	0.001	0.173	0.720
0.001	0.001	0.036	0.962
0.001	0.001	0.001	0.997
0.741	0.007	0.067	0.185
0.072	0.001	0.828	0.099
>ACCGTTT	10-ACCGTTT	2.159026	-25.569784	0	T:101.0(20.20%),B:50.0(10.00%),P:1e-11	Tpos:111.7,Tstd:74.3,Bpos:114.9,Bstd:70.0,StrandBias:10.0,Multiplicity:1.09
0.691	0.307	0.001	0.001
0.001	0.997	0.001	0.001
0.001	0.997	0.001	0.001
0.001	0.001	0.651	0.347
0.001	0.001	0.001	0.997
0.001	0.001	0.001	0.997
0.001	0.176	0.001	0.822
>GTTGACT	11-GTTGACT	8.409349	-23.489797	0	T:20.0(4.00%),B:3.0(0.60%),P:1e-10	Tpos:127.8,Tstd:67.2,Bpos:126.0,Bstd:68.0,StrandBias:10.0,Multiplicity:1.00
0.001	0.001	0.997	0.001
0.001	0.001	0.001	0.997
0.001	0.018	0.294	0.687
0.001	0.001	0.997	0.001
0.997	0.001	0.001	0.001
0.001	0.997	0.001	0.001
0.001	0.052	0.001	0.946
>GATCTCT	12-GATCTCT	7.657944	-20.463687	0	T:32.0(6.40%),B:9.0(1.80%),P:1e-8	Tpos:132.8,Tstd:72.0,Bpos:74.9,Bstd:57.6,StrandBias:10.0,Multiplicity:1.03
0.001	0.001	0.997	0.001
0.997	0.001	0.001	0.001
0.285	0.001	0.001	0.713
0.001	0.997	0.001	0.001
0.001	0.001	0.001	0.997
0.001	0.997	0.001	0.001
0.001	0.184	0.001	0.814
>ATTCCAT	13-ATTCCAT	6.854853	-20.422705	0	T:48.0(9.60%),B:18.0(3.60%),P:1e-8	Tpos:120.5,Tstd:64.8,Bpos:112.2,Bstd:65.5,StrandBias:10.0,Multiplicity:1.11
0.478	0.193	0.319	0.010
0.001	0.009	0.009	0.981
0.332	0.001	0.173	0.494
0.001	0.997	0.001	0.001
0.001	0.656	0.010	0.333
0.997	0.001	0.001	0.001
0.001	0.243	0.001	0.755
>GCACTTG	14-GCACTTG	8.163962	-19.675826	0	T:23.0(4.60%),B:5.0(1.00%),P:1e-8	Tpos:113.1,Tstd:58.5,Bpos:131.0,Bstd:84.4,StrandBias:10.0,Multiplicity:1.04
0.001	0.001	0.997	0.001
0.001	0.655	0.242	0.102
0.997	0.001	0.001	0.001
0.001	0.997	0.001	0.001
0.001	0.001	0.086	0.912
0.001	0.015	0.001	0.983
0.001	0.001	0.997	0.001
>GCATKTT	15-GCATKTT	7.653475	-19.379870	0	T:58.0(11.60%),B:25.0(5.00%),P:1e-8	Tpos:116.4,Tstd:70.0,Bpos:99.8,Bstd:64.6,StrandBias:10.0,Multiplicity:1.02
0.001	0.001	0.997	0.001
0.001	0.997	0.001	0.001
0.997	0.001	0.001	0.001
0.001	0.001	0.001	0.997
0.131	0.001	0.434	0.434
0.001	0.001	0.001	0.997
0.001	0.001	0.001	0.997
>TATACRT	16-TATACRT	7.265505	-19.361875	0	T:42.0(8.40%),B:15.0(3.00%),P:1e-8	Tpos:130.5,Tstd:57.3,Bpos:137.3,Bstd:67.6,StrandBias:10.0,Multiplicity:1.13
0.001	0.001	0.239	0.759
0.997	0.001	0.001	0.001
0.001	0.001	0.239	0.759
0.997	0.001	0.001	0.001
0.001	0.997	0.001	0.001
0.347	0.001	0.487	0.164
0.001	0.001	0.001	0.997
>CTGCTTA	17-CTGCTTA	8.636210	-16.997187	0	T:19.0(3.80%),B:4.0(0.80%),P:1e-7	Tpos:109.0,Tstd:84.7,Bpos:123.5,Bstd:64.1,StrandBias:10.0,Multiplicity:1.00
0.001	0.997	0.001	0.001
0.001	0.001	0.001	0.997
0.001	0.001	0.997	0.001
0.001	0.997	0.001	0.001
0.350	0.001	0.001	0.648
0.001	0.001	0.001	0.997
0.997	0.001	0.001	0.001
>TCCACAT	18-TCCACAT	9.652476	-16.083255	0	T:10.0(2.00%),B:1.0(0.20%),P:1e-6	Tpos:150.1,Tstd:65.1,Bpos:64.0,Bstd:0.0,StrandBias:10.0,Multiplicity:1.00
0.001	0.001	0.001	0.997
0.001	0.997	0.001	0.001
0.001	0.997	0.001	0.001
0.967	0.001	0.031	0.001
0.001	0.997	0.001	0.001
0.997	0.001	0.001	0.001
0.001	0.001	0.001	0.997
>GGCCTGA	19-GGCCTGA	8.185449	-16.063124	0	T:16.0(3.20%),B:3.0(0.60%),P:1e-6	Tpos:115.8,Tstd:70.2,Bpos:38.7,Bstd:25.0,StrandBias:10.0,Multiplicity:1.00
0.001	0.001	0.997	0.001
0.001	0.001	0.997	0.001
0.001	0.997	0.001	0.001
0.001	0.997	0.001	0.001
0.001	0.001	0.001	0.997
0.223	0.001	0.775	0.001
0.997	0.001	0.001	0.001
>GTYTRTG	20-GTYTRTG	6.480741	-15.775363	0	T:37.0(7.40%),B:14.0(2.80%),P:1e-6	Tpos:122.6,Tstd:66.4,Bpos:75.6,Bstd:61.3,StrandBias:10.0,Multiplicity:1.07
0.001	0.008	0.934	0.057
0.001	0.001	0.344	0.654
0.001	0.517	0.001	0.481
0.001	0.001	0.067	0.931
0.538	0.068	0.393	0.001
0.304	0.097	0.001	0.598
0.001	0.421	0.577	0.001
>ATAAGAT	21-ATAAGAT	7.207335	-15.501729	0	T:13.0(2.60%),B:2.0(0.40%),P:1e-6	Tpos:124.1,Tstd:70.9,Bpos:170.0,Bstd:6.0,StrandBias:10.0,Multiplicity:1.08
0.700	0.100	0.100	0.100
0.100	0.100	0.100	0.700
0.700	0.100	0.100	0.100
0.700	0.100	0.100	0.100
0.100	0.100	0.700	0.100
0.700	0.100	0.100	0.100
0.100	0.100	0.100	0.700
>CACTCCC	22-CACTCCC	7.207335	-15.501729	0	T:13.0(2.60%),B:2.0(0.40%),P:1e-6	Tpos:152.6,Tstd:44.2,Bpos:135.0,Bstd:78.0,StrandBias:10.0,Multiplicity:1.00
0.100	0.700	0.100	0.100
0.700	0.100	0.100	0.100
0.100	0.700	0.100	0.100
0.100	0.100	0.100	0.700
0.100	0.700	0.100	0.100
0.100	0.700	0.100	0.100
0.100	0.700	0.100	0.100
>GATGAAT	23-GATGAAT	7.207335	-13.852711	0	T:17.0(3.40%),B:4.0(0.80%),P:1e-6	Tpos:147.8,Tstd:71.0,Bpos:147.8,Bstd:47.0,StrandBias:10.0,Multiplicity:1.06
0.100	0.100	0.700	0.100
0.700	0.100	0.100	0.100
0.100	0.100	0.100	0.700
0.100	0.100	0.700	0.100
0.700	0.100	0.100	0.100
0.700	0.100	0.100	0.100
0.100	0.100	0.100	0.700
>AGATACT	24-AGATACT	5.488932	-12.597356	0	T:29.0(5.80%),B:11.0(2.20%),P:1e-5	Tpos:117.6,Tstd:73.7,Bpos:151.0,Bstd:53.7,StrandBias:10.0,Multiplicity:1.00
0.977	0.021	0.001	0.001
0.001	0.284	0.714	0.001
0.997	0.001	0.001	0.001
0.001	0.001	0.001	0.997
0.997	0.001	0.001	0.001
0.001	0.997	0.001	0.001
0.001	0.001	0.001	0.997
>CTAAAAC	25-CTAAAAC	7.207335	-11.772519	0	T:11.0(2.20%),B:2.0(0.40%),P:1e-5	Tpos:133.9,Tstd:87.6,Bpos:131.5,Bstd:27.5,StrandBias:10.0,Multiplicity:1.00
0.100	0.700	0.100	0.100
0.100	0.100	0.100	0.700
0.700	0.100	0.100	0.100
0.700	0.100	0.100	0.100
0.700	0.100	0.100	0.100
0.700	0.100	0.100	0.100
0.100	0.700	0.100	0.100
